

param n, integer;
set V := 1..n;
/*Armo un set de tamanio nxn*/
set E, within V cross V;

param c{(i,j) in E};

var x{(i,j) in E}, binary;
/*Esta variable es entera, pero no es necesaria definirla como tal*/
var u{i in V} >= 1;

minimize total: sum{(i,j) in E} c[i,j] * x[i,j];

s.t. leave{i in V}: sum{(i,j) in E: i != j} x[i,j] = 1;

s.t. enter{j in V}: sum{(i,j) in E: i != j} x[i,j] = 1;

/* La ciudad 9 es la de partida */
s.t. noSubTour{i in V, j in V: i != 9 and j != 9 and i!=j}:
  u[i]-u[j] + n*x[i,j] <= n - 1;
  
solve;

printf "El largo del tour optimo es de %d km\n",
   sum{(i,j) in E} c[i,j] * x[i,j];
printf("Nodo de partida   Nodo destino   Distancia\n");
printf{(i,j) in E: x[i,j]} "      %3d       %3d   %8g\n",
   i, j, c[i,j];

data;

param n := 52;
param : E : c :=
1 2 1517.0
1 3 812.0
1 4 1512.0
1 5 1590.0
1 6 305.0
1 7 327.0
1 8 586.0
1 9 1365.0
1 10 1060.0
1 11 1681.0
1 12 2043.0
1 13 2899.0
1 14 2125.0
1 15 1601.0
1 16 1335.0
1 17 2250.0
1 18 500.0
1 19 1956.0
1 20 689.0
1 21 3670.0
1 22 2355.0
1 23 2290.0
1 24 613.0
1 25 1916.0
1 26 186.0
1 27 1764.0
1 28 1043.0
1 29 1539.0
1 30 1406.0
1 31 153.0
1 32 760.0
1 33 958.0
1 34 1050.0
1 35 132.0
1 36 1666.0
1 37 2159.0
1 38 1216.0
1 39 2471.0
1 40 618.0
1 41 2059.0
1 42 669.0
1 43 390.0
1 44 788.0
1 45 676.0
1 46 1975.0
1 47 4107.0
1 48 2006.0
1 49 1167.0
1 50 1307.0
1 51 1893.0
1 52 616.0
2 1 1517.0
2 3 1319.0
2 4 2289.0
2 5 952.0
2 6 1372.0
2 7 1780.0
2 8 1209.0
2 9 2859.0
2 10 1298.0
2 11 1667.0
2 12 2462.0
2 13 2237.0
2 14 2523.0
2 15 708.0
2 16 1424.0
2 17 922.0
2 18 1945.0
2 19 834.0
2 20 1481.0
2 21 2829.0
2 22 1334.0
2 23 1367.0
2 24 905.0
2 25 794.0
2 26 1606.0
2 27 2264.0
2 28 814.0
2 29 2193.0
2 30 866.0
2 31 1636.0
2 32 1337.0
2 33 2204.0
2 34 498.0
2 35 1453.0
2 36 1125.0
2 37 2035.0
2 38 1814.0
2 39 992.0
2 40 1989.0
2 41 2964.0
2 42 899.0
2 43 1542.0
2 44 1368.0
2 45 1105.0
2 46 493.0
2 47 4021.0
2 48 2188.0
2 49 680.0
2 50 2371.0
2 51 1009.0
2 52 902.0
3 1 812.0
3 2 1319.0
3 4 1005.0
3 5 915.0
3 6 509.0
3 7 818.0
3 8 269.0
3 9 2015.0
3 10 253.0
3 11 870.0
3 12 1362.0
3 13 2104.0
3 14 1440.0
3 15 1034.0
3 16 523.0
3 17 2225.0
3 18 1284.0
3 19 1388.0
3 20 214.0
3 21 2887.0
3 22 1681.0
3 23 1589.0
3 24 766.0
3 25 1357.0
3 26 721.0
3 27 1102.0
3 28 526.0
3 29 948.0
3 30 764.0
3 31 796.0
3 32 1378.0
3 33 945.0
3 34 852.0
3 35 680.0
3 36 936.0
3 37 1351.0
3 38 556.0
3 39 2298.0
3 40 857.0
3 41 1670.0
3 42 563.0
3 43 492.0
3 44 55.0
3 45 278.0
3 46 1809.0
3 47 3338.0
3 48 1242.0
3 49 683.0
3 50 1054.0
3 51 1236.0
3 52 766.0
4 1 1512.0
4 2 2289.0
4 3 1005.0
4 5 1605.0
4 6 1303.0
4 7 1284.0
4 8 1222.0
4 9 2132.0
4 10 993.0
4 11 980.0
4 12 640.0
4 13 2185.0
4 14 715.0
4 15 1828.0
4 16 954.0
4 17 3208.0
4 18 1795.0
4 19 2117.0
4 20 930.0
4 21 2960.0
4 22 2211.0
4 23 2076.0
4 24 1739.0
4 25 2101.0
4 26 1335.0
4 27 403.0
4 28 1475.0
4 29 173.0
4 30 1544.0
4 31 1399.0
4 32 2243.0
4 33 772.0
4 34 1848.0
4 35 1414.0
4 36 1516.0
4 37 1215.0
4 38 476.0
4 39 3234.0
4 40 1059.0
4 41 675.0
4 42 1559.0
4 43 1134.0
4 44 970.0
4 45 1275.0
4 46 2766.0
4 47 2745.0
4 48 837.0
4 49 1614.0
4 50 433.0
4 51 1873.0
4 52 1740.0
5 1 1590.0
5 2 952.0
5 3 915.0
5 4 1605.0
5 6 1308.0
5 7 1698.0
5 8 1025.0
5 9 2904.0
5 10 717.0
5 11 766.0
5 12 1600.0
5 13 1413.0
5 14 1648.0
5 15 265.0
5 16 651.0
5 17 1810.0
5 18 2090.0
5 19 515.0
5 20 1129.0
5 21 2127.0
5 22 774.0
5 23 701.0
5 24 1174.0
5 25 496.0
5 26 1566.0
5 27 1455.0
5 28 559.0
5 29 1465.0
5 30 187.0
5 31 1632.0
5 32 1851.0
5 33 1832.0
5 34 825.0
5 35 1469.0
5 36 173.0
5 37 1085.0
5 38 1160.0
5 39 1713.0
5 40 1772.0
5 41 2254.0
5 42 980.0
5 43 1375.0
5 44 968.0
5 45 919.0
5 46 1316.0
5 47 3079.0
5 48 1280.0
5 49 489.0
5 50 1836.0
5 51 321.0
5 52 1172.0
6 1 305.0
6 2 1372.0
6 3 509.0
6 4 1303.0
6 5 1308.0
6 7 421.0
6 8 288.0
6 9 1606.0
6 10 755.0
6 11 1379.0
6 12 1787.0
6 13 2596.0
6 14 1868.0
6 15 1346.0
6 16 1031.0
6 17 2185.0
6 18 793.0
6 19 1706.0
6 20 409.0
6 21 3370.0
6 22 2080.0
6 23 2008.0
6 24 526.0
6 25 1668.0
6 26 263.0
6 27 1512.0
6 28 780.0
6 29 1305.0
6 30 1129.0
6 31 324.0
6 32 943.0
6 33 891.0
6 34 878.0
6 35 173.0
6 36 1374.0
6 37 1858.0
6 38 953.0
6 39 2355.0
6 40 622.0
6 41 1902.0
6 42 474.0
6 43 198.0
6 44 488.0
6 45 389.0
6 46 1853.0
6 47 3825.0
6 48 1722.0
6 49 918.0
6 50 1174.0
6 51 1619.0
6 52 528.0
7 1 327.0
7 2 1780.0
7 3 818.0
7 4 1284.0
7 5 1698.0
7 6 421.0
7 8 679.0
7 9 1206.0
7 10 1067.0
7 11 1637.0
7 12 1865.0
7 13 2914.0
7 14 1946.0
7 15 1757.0
7 16 1318.0
7 17 2555.0
7 18 526.0
7 19 2119.0
7 20 631.0
7 21 3701.0
7 22 2473.0
7 23 2391.0
7 24 896.0
7 25 2082.0
7 26 176.0
7 27 1586.0
7 28 1192.0
7 29 1341.0
7 30 1526.0
7 31 174.0
7 32 1070.0
7 33 648.0
7 34 1292.0
7 35 334.0
7 36 1744.0
7 37 2096.0
7 38 1074.0
7 39 2754.0
7 40 296.0
7 41 1777.0
7 42 890.0
7 43 327.0
7 44 776.0
7 45 793.0
7 46 2253.0
7 47 3965.0
7 48 1885.0
7 49 1335.0
7 50 1022.0
7 51 2015.0
7 52 898.0
8 1 586.0
8 2 1209.0
8 3 269.0
8 4 1222.0
8 5 1025.0
8 6 288.0
8 7 679.0
8 9 1881.0
8 10 490.0
8 11 1123.0
8 12 1624.0
8 13 2313.0
8 14 1703.0
8 15 1080.0
8 16 769.0
8 17 2079.0
8 18 1080.0
8 19 1442.0
8 20 300.0
8 21 3084.0
8 22 1798.0
8 23 1723.0
8 24 518.0
8 25 1406.0
8 26 541.0
8 27 1359.0
8 28 516.0
8 29 1187.0
8 30 849.0
8 31 608.0
8 32 1109.0
8 33 996.0
8 34 714.0
8 35 457.0
8 36 1086.0
8 37 1606.0
8 38 802.0
8 39 2201.0
8 40 809.0
8 41 1868.0
8 42 347.0
8 43 369.0
8 44 274.0
8 45 117.0
8 46 1701.0
8 47 3605.0
8 48 1510.0
8 49 666.0
8 50 1194.0
8 51 1339.0
8 52 519.0
9 1 1365.0
9 2 2859.0
9 3 2015.0
9 4 2132.0
9 5 2904.0
9 6 1606.0
9 7 1206.0
9 8 1881.0
9 10 2258.0
9 11 2777.0
9 12 2771.0
9 13 4081.0
9 14 2846.0
9 15 2951.0
9 16 2490.0
9 17 3478.0
9 18 916.0
9 19 3311.0
9 20 1814.0
9 21 4875.0
9 22 3678.0
9 23 3597.0
9 24 1959.0
9 25 3272.0
9 26 1343.0
9 27 2520.0
9 28 2385.0
9 29 2259.0
9 30 2730.0
9 31 1284.0
9 32 1706.0
9 33 1369.0
9 34 2411.0
9 35 1463.0
9 36 2948.0
9 37 3198.0
9 38 2135.0
9 39 3765.0
9 40 1201.0
9 41 2312.0
9 42 2034.0
9 43 1531.0
9 44 1969.0
9 45 1992.0
9 46 3285.0
9 47 4862.0
9 48 2909.0
9 49 2520.0
9 50 1715.0
9 51 3219.0
9 52 1962.0
10 1 1060.0
10 2 1298.0
10 3 253.0
10 4 993.0
10 5 717.0
10 6 755.0
10 7 1067.0
10 8 490.0
10 9 2258.0
10 11 634.0
10 12 1230.0
10 13 1852.0
10 14 1302.0
10 15 882.0
10 16 279.0
10 17 2219.0
10 18 1536.0
10 19 1218.0
10 20 444.0
10 21 2635.0
10 22 1464.0
10 23 1362.0
10 24 924.0
10 25 1192.0
10 26 973.0
10 27 994.0
10 28 487.0
10 29 896.0
10 30 597.0
10 31 1049.0
10 32 1578.0
10 33 1115.0
10 34 884.0
10 35 928.0
10 36 710.0
10 37 1117.0
10 38 517.0
10 39 2243.0
10 40 1082.0
10 41 1668.0
10 42 700.0
10 43 743.0
10 44 291.0
10 45 449.0
10 46 1773.0
10 47 3129.0
10 48 1054.0
10 49 621.0
10 50 1143.0
10 51 1033.0
10 52 923.0
11 1 1681.0
11 2 1667.0
11 3 870.0
11 4 980.0
11 5 766.0
11 6 1379.0
11 7 1637.0
11 8 1123.0
11 9 2777.0
11 10 634.0
11 12 837.0
11 13 1309.0
11 14 883.0
11 15 1028.0
11 16 356.0
11 17 2561.0
11 18 2138.0
11 19 1230.0
11 20 1013.0
11 21 2105.0
11 22 1239.0
11 23 1100.0
11 24 1534.0
11 25 1225.0
11 26 1574.0
11 27 725.0
11 28 973.0
11 29 813.0
11 30 802.0
11 31 1651.0
11 32 2205.0
11 33 1480.0
11 34 1379.0
11 35 1549.0
11 36 622.0
11 37 483.0
11 38 672.0
11 39 2478.0
11 40 1576.0
11 41 1561.0
11 42 1306.0
11 43 1332.0
11 44 893.0
11 45 1080.0
11 46 2073.0
11 47 2510.0
11 48 522.0
11 49 1033.0
11 50 1328.0
11 51 956.0
11 52 1533.0
12 1 2043.0
12 2 2462.0
12 3 1362.0
12 4 640.0
12 5 1600.0
12 6 1787.0
12 7 1865.0
12 8 1624.0
12 9 2771.0
12 10 1230.0
12 11 837.0
12 13 1720.0
12 14 82.0
12 15 1860.0
12 16 1041.0
12 17 3374.0
12 18 2388.0
12 19 2062.0
12 20 1380.0
12 21 2448.0
12 22 2004.0
12 23 1857.0
12 24 2127.0
12 25 2060.0
12 26 1881.0
12 27 279.0
12 28 1693.0
12 29 529.0
12 30 1615.0
12 31 1953.0
12 32 2721.0
12 33 1409.0
12 34 2105.0
12 35 1928.0
12 36 1458.0
12 37 786.0
12 38 835.0
12 39 3312.0
12 40 1672.0
12 41 868.0
12 42 1914.0
12 43 1654.0
12 44 1350.0
12 45 1637.0
12 46 2894.0
12 47 2115.0
12 48 379.0
12 49 1794.0
12 50 1065.0
12 51 1784.0
12 52 2127.0
13 1 2899.0
13 2 2237.0
13 3 2104.0
13 4 2185.0
13 5 1413.0
13 6 2596.0
13 7 2914.0
13 8 2313.0
13 9 4081.0
13 10 1852.0
13 11 1309.0
13 12 1720.0
13 14 1700.0
13 15 1569.0
13 16 1597.0
13 17 2879.0
13 18 3386.0
13 19 1420.0
13 20 2284.0
13 21 796.0
13 22 966.0
13 23 884.0
13 24 2576.0
13 25 1455.0
13 26 2825.0
13 27 1813.0
13 28 1947.0
13 29 2013.0
13 30 1591.0
13 31 2900.0
13 32 3259.0
13 33 2785.0
13 34 2234.0
13 35 2769.0
13 36 1278.0
13 37 971.0
13 38 1976.0
13 39 2595.0
13 40 2880.0
13 41 2588.0
13 42 2366.0
13 43 2594.0
13 44 2141.0
13 45 2233.0
13 46 2410.0
13 47 1961.0
13 48 1376.0
13 49 1901.0
13 50 2589.0
13 51 1235.0
13 52 2574.0
14 1 2125.0
14 2 2523.0
14 3 1440.0
14 4 715.0
14 5 1648.0
14 6 1868.0
14 7 1946.0
14 8 1703.0
14 9 2846.0
14 10 1302.0
14 11 883.0
14 12 82.0
14 13 1700.0
14 15 1910.0
14 16 1105.0
14 17 3432.0
14 18 2470.0
14 19 2102.0
14 20 1460.0
14 21 2415.0
14 22 2025.0
14 23 1877.0
14 24 2204.0
14 25 2101.0
14 26 1963.0
14 27 361.0
14 28 1761.0
14 29 610.0
14 30 1670.0
14 31 2035.0
14 32 2801.0
14 33 1486.0
14 34 2173.0
14 35 2009.0
14 36 1502.0
14 37 787.0
14 38 916.0
14 39 3361.0
14 40 1752.0
14 41 893.0
14 42 1989.0
14 43 1735.0
14 44 1429.0
14 45 1713.0
14 46 2949.0
14 47 2035.0
14 48 396.0
14 49 1858.0
14 50 1136.0
14 51 1821.0
14 52 2203.0
15 1 1601.0
15 2 708.0
15 3 1034.0
15 4 1828.0
15 5 265.0
15 6 1346.0
15 7 1757.0
15 8 1080.0
15 9 2951.0
15 10 882.0
15 11 1028.0
15 12 1860.0
15 13 1569.0
15 14 1910.0
15 16 879.0
15 17 1546.0
15 18 2096.0
15 19 362.0
15 20 1244.0
15 21 2232.0
15 22 780.0
15 23 755.0
15 24 1105.0
15 25 327.0
15 26 1608.0
15 27 1704.0
15 28 566.0
15 29 1697.0
15 30 287.0
15 31 1667.0
15 32 1748.0
15 33 1976.0
15 34 690.0
15 35 1491.0
15 36 431.0
15 37 1343.0
15 38 1367.0
15 39 1452.0
15 40 1871.0
15 41 2488.0
15 42 947.0
15 43 1447.0
15 44 1089.0
15 45 965.0
15 46 1052.0
15 47 3313.0
15 48 1544.0
15 49 435.0
15 50 2024.0
15 51 345.0
15 52 1103.0
16 1 1335.0
16 2 1424.0
16 3 523.0
16 4 954.0
16 5 651.0
16 6 1031.0
16 7 1318.0
16 8 769.0
16 9 2490.0
16 10 279.0
16 11 356.0
16 12 1041.0
16 13 1597.0
16 14 1105.0
16 15 879.0
16 17 2341.0
16 18 1803.0
16 19 1165.0
16 20 688.0
16 21 2387.0
16 22 1317.0
16 23 1199.0
16 24 1184.0
16 25 1148.0
16 26 1239.0
16 27 844.0
16 28 660.0
16 29 819.0
16 30 603.0
16 31 1316.0
16 32 1851.0
16 33 1264.0
16 34 1073.0
16 35 1203.0
16 36 578.0
16 37 838.0
16 38 517.0
16 39 2313.0
16 40 1295.0
16 41 1609.0
16 42 957.0
16 43 1002.0
16 44 552.0
16 45 724.0
16 46 1869.0
16 47 2860.0
16 48 811.0
16 49 753.0
16 50 1204.0
16 51 932.0
16 52 1183.0
17 1 2250.0
17 2 922.0
17 3 2225.0
17 4 3208.0
17 5 1810.0
17 6 2185.0
17 7 2555.0
17 8 2079.0
17 9 3478.0
17 10 2219.0
17 11 2561.0
17 12 3374.0
17 13 2879.0
17 14 3432.0
17 15 1546.0
17 16 2341.0
17 18 2578.0
17 19 1499.0
17 20 2369.0
17 21 3307.0
17 22 1913.0
17 23 2004.0
17 24 1664.0
17 25 1475.0
17 26 2381.0
17 27 3183.0
17 28 1734.0
17 29 3115.0
17 30 1762.0
17 31 2392.0
17 32 1784.0
17 33 3062.0
17 34 1375.0
17 35 2222.0
17 36 1976.0
17 37 2885.0
17 38 2734.0
17 39 440.0
17 40 2804.0
17 41 3883.0
17 42 1741.0
17 43 2374.0
17 44 2270.0
17 45 1988.0
17 46 497.0
17 47 4784.0
17 48 3082.0
17 49 1602.0
17 50 3267.0
17 51 1759.0
17 52 1662.0
18 1 500.0
18 2 1945.0
18 3 1284.0
18 4 1795.0
18 5 2090.0
18 6 793.0
18 7 526.0
18 8 1080.0
18 9 916.0
18 10 1536.0
18 11 2138.0
18 12 2388.0
18 13 3386.0
18 14 2470.0
18 15 2096.0
18 16 1803.0
18 17 2578.0
18 19 2448.0
18 20 1125.0
18 21 4162.0
18 22 2854.0
18 23 2791.0
18 24 1052.0
18 25 2407.0
18 26 565.0
18 27 2110.0
18 28 1542.0
18 29 1862.0
18 30 1906.0
18 31 488.0
18 32 850.0
18 33 1089.0
18 34 1510.0
18 35 624.0
18 36 2165.0
18 37 2606.0
18 38 1599.0
18 39 2851.0
18 40 745.0
18 41 2232.0
18 42 1154.0
18 43 805.0
18 44 1251.0
18 45 1175.0
18 46 2369.0
18 47 4491.0
18 48 2409.0
18 49 1661.0
18 50 1488.0
18 51 2392.0
18 52 1054.0
19 1 1956.0
19 2 834.0
19 3 1388.0
19 4 2117.0
19 5 515.0
19 6 1706.0
19 7 2119.0
19 8 1442.0
19 9 3311.0
19 10 1218.0
19 11 1230.0
19 12 2062.0
19 13 1420.0
19 14 2102.0
19 15 362.0
19 16 1165.0
19 17 1499.0
19 18 2448.0
19 20 1600.0
19 21 1997.0
19 22 501.0
19 23 538.0
19 24 1435.0
19 25 44.0
19 26 1969.0
19 27 1945.0
19 28 928.0
19 29 1974.0
19 30 626.0
19 31 2026.0
19 32 2044.0
19 33 2325.0
19 34 991.0
19 35 1849.0
19 36 613.0
19 37 1437.0
19 38 1675.0
19 39 1304.0
19 40 2231.0
19 41 2759.0
19 42 1295.0
19 43 1809.0
19 44 1443.0
19 45 1327.0
19 46 1010.0
19 47 3286.0
19 48 1715.0
19 49 791.0
19 50 2349.0
19 51 285.0
19 52 1432.0
20 1 689.0
20 2 1481.0
20 3 214.0
20 4 930.0
20 5 1129.0
20 6 409.0
20 7 631.0
20 8 300.0
20 9 1814.0
20 10 444.0
20 11 1013.0
20 12 1380.0
20 13 2284.0
20 14 1460.0
20 15 1244.0
20 16 688.0
20 17 2369.0
20 18 1125.0
20 19 1600.0
20 21 3072.0
20 22 1894.0
20 23 1799.0
20 24 811.0
20 25 1569.0
20 26 563.0
20 27 1106.0
20 28 718.0
20 29 910.0
20 30 978.0
20 31 640.0
20 32 1343.0
20 33 743.0
20 34 995.0
20 35 563.0
20 36 1146.0
20 37 1482.0
20 38 545.0
20 39 2470.0
20 40 644.0
20 41 1569.0
20 42 647.0
20 43 320.0
20 44 161.0
20 45 381.0
20 46 1974.0
20 47 3420.0
20 48 1317.0
20 49 877.0
20 50 899.0
20 51 1450.0
20 52 811.0
21 1 3670.0
21 2 2829.0
21 3 2887.0
21 4 2960.0
21 5 2127.0
21 6 3370.0
21 7 3701.0
21 8 3084.0
21 9 4875.0
21 10 2635.0
21 11 2105.0
21 12 2448.0
21 13 796.0
21 14 2415.0
21 15 2232.0
21 16 2387.0
21 17 3307.0
21 18 4162.0
21 19 1997.0
21 20 3072.0
21 22 1495.0
21 23 1481.0
21 24 3301.0
21 25 2038.0
21 26 3605.0
21 27 2575.0
21 28 2681.0
21 29 2790.0
21 30 2313.0
21 31 3679.0
21 32 3972.0
21 33 3579.0
21 34 2920.0
21 35 3541.0
21 36 2016.0
21 37 1746.0
21 38 2770.0
21 39 2950.0
21 40 3675.0
21 41 3307.0
21 42 3104.0
21 43 3379.0
21 44 2926.0
21 45 2997.0
21 46 2890.0
21 47 1993.0
21 48 2133.0
21 49 2613.0
21 50 3372.0
21 51 1888.0
21 52 3299.0
22 1 2355.0
22 2 1334.0
22 3 1681.0
22 4 2211.0
22 5 774.0
22 6 2080.0
22 7 2473.0
22 8 1798.0
22 9 3678.0
22 10 1464.0
22 11 1239.0
22 12 2004.0
22 13 966.0
22 14 2025.0
22 15 780.0
22 16 1317.0
22 17 1913.0
22 18 2854.0
22 19 501.0
22 20 1894.0
22 21 1495.0
22 23 148.0
22 24 1885.0
22 25 543.0
22 26 2339.0
22 27 1954.0
22 28 1312.0
22 29 2049.0
22 30 951.0
22 31 2403.0
22 32 2523.0
22 33 2569.0
22 34 1463.0
22 35 2237.0
22 36 755.0
22 37 1266.0
22 38 1827.0
22 39 1640.0
22 40 2538.0
22 41 2796.0
22 42 1718.0
22 43 2149.0
22 44 1733.0
22 45 1690.0
22 46 1449.0
22 47 2899.0
22 48 1629.0
22 49 1204.0
22 50 2516.0
22 51 462.0
22 52 1882.0
23 1 2290.0
23 2 1367.0
23 3 1589.0
23 4 2076.0
23 5 701.0
23 6 2008.0
23 7 2391.0
23 8 1723.0
23 9 3597.0
23 10 1362.0
23 11 1100.0
23 12 1857.0
23 13 884.0
23 14 1877.0
23 15 755.0
23 16 1199.0
23 17 2004.0
23 18 2791.0
23 19 538.0
23 20 1799.0
23 21 1481.0
23 22 148.0
23 24 1848.0
23 25 576.0
23 26 2264.0
23 27 1812.0
23 28 1254.0
23 29 1912.0
23 30 885.0
23 31 2331.0
23 32 2503.0
23 33 2458.0
23 34 1445.0
23 35 2169.0
23 36 654.0
23 37 1118.0
23 38 1703.0
23 39 1752.0
23 40 2443.0
23 41 2653.0
23 42 1669.0
23 43 2066.0
23 44 1639.0
23 45 1619.0
23 46 1528.0
23 47 2789.0
23 48 1482.0
23 49 1160.0
23 50 2390.0
23 51 414.0
23 52 1846.0
24 1 613.0
24 2 905.0
24 3 766.0
24 4 1739.0
24 5 1174.0
24 6 526.0
24 7 896.0
24 8 518.0
24 9 1959.0
24 10 924.0
24 11 1534.0
24 12 2127.0
24 13 2576.0
24 14 2204.0
24 15 1105.0
24 16 1184.0
24 17 1664.0
24 18 1052.0
24 19 1435.0
24 20 811.0
24 21 3301.0
24 22 1885.0
24 23 1848.0
24 25 1392.0
24 26 720.0
24 27 1869.0
24 28 629.0
24 29 1704.0
24 30 989.0
24 31 740.0
24 32 689.0
24 33 1416.0
24 34 461.0
24 35 562.0
24 36 1298.0
24 37 2008.0
24 38 1317.0
24 39 1861.0
24 40 1140.0
24 41 2378.0
24 42 228.0
24 43 722.0
24 44 785.0
24 45 490.0
24 46 1363.0
24 47 4043.0
24 48 1978.0
24 49 690.0
24 50 1677.0
24 51 1435.0
24 52 3.0
25 1 1916.0
25 2 794.0
25 3 1357.0
25 4 2101.0
25 5 496.0
25 6 1668.0
25 7 2082.0
25 8 1406.0
25 9 3272.0
25 10 1192.0
25 11 1225.0
25 12 2060.0
25 13 1455.0
25 14 2101.0
25 15 327.0
25 16 1148.0
25 17 1475.0
25 18 2407.0
25 19 44.0
25 20 1569.0
25 21 2038.0
25 22 543.0
25 23 576.0
25 24 1392.0
25 26 1931.0
25 27 1936.0
25 28 891.0
25 29 1960.0
25 30 597.0
25 31 1988.0
25 32 2001.0
25 33 2296.0
25 34 948.0
25 35 1810.0
25 36 605.0
25 37 1447.0
25 38 1655.0
25 39 1292.0
25 40 2198.0
25 41 2747.0
25 42 1254.0
25 43 1773.0
25 44 1412.0
25 45 1290.0
25 46 984.0
25 47 3311.0
25 48 1716.0
25 49 752.0
25 50 2326.0
25 51 293.0
25 52 1390.0
26 1 186.0
26 2 1606.0
26 3 721.0
26 4 1335.0
26 5 1566.0
26 6 263.0
26 7 176.0
26 8 541.0
26 9 1343.0
26 10 973.0
26 11 1574.0
26 12 1881.0
26 13 2825.0
26 14 1963.0
26 15 1608.0
26 16 1239.0
26 17 2381.0
26 18 565.0
26 19 1969.0
26 20 563.0
26 21 3605.0
26 22 2339.0
26 23 2264.0
26 24 720.0
26 25 1931.0
26 27 1602.0
26 28 1042.0
26 29 1370.0
26 30 1389.0
26 31 78.0
26 32 946.0
26 33 775.0
26 34 1120.0
26 35 159.0
26 36 1624.0
26 37 2044.0
26 38 1063.0
26 39 2578.0
26 40 444.0
26 41 1873.0
26 42 719.0
26 43 243.0
26 44 687.0
26 45 649.0
26 46 2078.0
26 47 3962.0
26 48 1865.0
26 49 1181.0
26 50 1121.0
26 51 1879.0
26 52 722.0
27 1 1764.0
27 2 2264.0
27 3 1102.0
27 4 403.0
27 5 1455.0
27 6 1512.0
27 7 1586.0
27 8 1359.0
27 9 2520.0
27 10 994.0
27 11 725.0
27 12 279.0
27 13 1813.0
27 14 361.0
27 15 1704.0
27 16 844.0
27 17 3183.0
27 18 2110.0
27 19 1945.0
27 20 1106.0
27 21 2575.0
27 22 1954.0
27 23 1812.0
27 24 1869.0
27 25 1936.0
27 26 1602.0
27 28 1473.0
27 29 262.0
27 30 1441.0
27 31 1674.0
27 32 2449.0
27 33 1152.0
27 34 1878.0
27 35 1650.0
27 36 1332.0
27 37 843.0
27 38 562.0
27 39 3152.0
27 40 1400.0
27 41 842.0
27 42 1661.0
27 43 1375.0
27 44 1086.0
27 45 1380.0
27 46 2713.0
27 47 2387.0
27 48 443.0
27 49 1586.0
27 50 836.0
27 51 1677.0
27 52 1869.0
28 1 1043.0
28 2 814.0
28 3 526.0
28 4 1475.0
28 5 559.0
28 6 780.0
28 7 1192.0
28 8 516.0
28 9 2385.0
28 10 487.0
28 11 973.0
28 12 1693.0
28 13 1947.0
28 14 1761.0
28 15 566.0
28 16 660.0
28 17 1734.0
28 18 1542.0
28 19 928.0
28 20 718.0
28 21 2681.0
28 22 1312.0
28 23 1254.0
28 24 629.0
28 25 891.0
28 26 1042.0
28 27 1473.0
28 29 1383.0
28 30 372.0
28 31 1102.0
28 32 1317.0
28 33 1461.0
28 34 413.0
28 35 929.0
28 36 670.0
28 37 1423.0
28 38 1000.0
28 39 1777.0
28 40 1319.0
28 41 2150.0
28 42 423.0
28 43 885.0
28 44 579.0
28 45 400.0
28 46 1296.0
28 47 3467.0
28 48 1467.0
28 49 158.0
28 50 1576.0
28 51 851.0
28 52 627.0
29 1 1539.0
29 2 2193.0
29 3 948.0
29 4 173.0
29 5 1465.0
29 6 1305.0
29 7 1341.0
29 8 1187.0
29 9 2259.0
29 10 896.0
29 11 813.0
29 12 529.0
29 13 2013.0
29 14 610.0
29 15 1697.0
29 16 819.0
29 17 3115.0
29 18 1862.0
29 19 1974.0
29 20 910.0
29 21 2790.0
29 22 2049.0
29 23 1912.0
29 24 1704.0
29 25 1960.0
29 26 1370.0
29 27 262.0
29 28 1383.0
29 30 1418.0
29 31 1439.0
29 32 2247.0
29 33 890.0
29 34 1771.0
29 35 1431.0
29 36 1367.0
29 37 1045.0
29 38 393.0
29 39 3120.0
29 40 1143.0
29 41 791.0
29 42 1510.0
29 43 1152.0
29 44 921.0
29 45 1225.0
29 46 2662.0
29 47 2644.0
29 48 676.0
29 49 1513.0
29 50 589.0
29 51 1723.0
29 52 1704.0
30 1 1406.0
30 2 866.0
30 3 764.0
30 4 1544.0
30 5 187.0
30 6 1129.0
30 7 1526.0
30 8 849.0
30 9 2730.0
30 10 597.0
30 11 802.0
30 12 1615.0
30 13 1591.0
30 14 1670.0
30 15 287.0
30 16 603.0
30 17 1762.0
30 18 1906.0
30 19 626.0
30 20 978.0
30 21 2313.0
30 22 951.0
30 23 885.0
30 24 989.0
30 25 597.0
30 26 1389.0
30 27 1441.0
30 28 372.0
30 29 1418.0
30 31 1453.0
30 32 1669.0
30 33 1699.0
30 34 661.0
30 35 1287.0
30 36 319.0
30 37 1183.0
30 38 1081.0
30 39 1711.0
30 40 1615.0
30 41 2208.0
30 42 793.0
30 43 1206.0
30 44 819.0
30 45 740.0
30 46 1279.0
30 47 3206.0
30 48 1324.0
30 49 312.0
30 50 1737.0
30 51 490.0
30 52 987.0
31 1 153.0
31 2 1636.0
31 3 796.0
31 4 1399.0
31 5 1632.0
31 6 324.0
31 7 174.0
31 8 608.0
31 9 1284.0
31 10 1049.0
31 11 1651.0
31 12 1953.0
31 13 2900.0
31 14 2035.0
31 15 1667.0
31 16 1316.0
31 17 2392.0
31 18 488.0
31 19 2026.0
31 20 640.0
31 21 3679.0
31 22 2403.0
31 23 2331.0
31 24 740.0
31 25 1988.0
31 26 78.0
31 27 1674.0
31 28 1102.0
31 29 1439.0
31 30 1453.0
31 32 904.0
31 33 810.0
31 34 1157.0
31 35 185.0
31 36 1694.0
31 37 2122.0
31 38 1138.0
31 39 2602.0
31 40 466.0
31 41 1924.0
31 42 762.0
31 43 321.0
31 44 763.0
31 45 713.0
31 46 2103.0
31 47 4037.0
31 48 1942.0
31 49 1236.0
31 50 1170.0
31 51 1943.0
31 52 743.0
32 1 760.0
32 2 1337.0
32 3 1378.0
32 4 2243.0
32 5 1851.0
32 6 943.0
32 7 1070.0
32 8 1109.0
32 9 1706.0
32 10 1578.0
32 11 2205.0
32 12 2721.0
32 13 3259.0
32 14 2801.0
32 15 1748.0
32 16 1851.0
32 17 1784.0
32 18 850.0
32 19 2044.0
32 20 1343.0
32 21 3972.0
32 22 2523.0
32 23 2503.0
32 24 689.0
32 25 2001.0
32 26 946.0
32 27 2449.0
32 28 1317.0
32 29 2247.0
32 30 1669.0
32 31 904.0
32 33 1715.0
32 34 1060.0
32 35 834.0
32 36 1982.0
32 37 2684.0
32 38 1887.0
32 39 2109.0
32 40 1366.0
32 41 2815.0
32 42 911.0
32 43 1111.0
32 44 1379.0
32 45 1129.0
32 46 1666.0
32 47 4707.0
32 48 2619.0
32 49 1361.0
32 50 2066.0
32 51 2089.0
32 52 691.0
33 1 958.0
33 2 2204.0
33 3 945.0
33 4 772.0
33 5 1832.0
33 6 891.0
33 7 648.0
33 8 996.0
33 9 1369.0
33 10 1115.0
33 11 1480.0
33 12 1409.0
33 13 2785.0
33 14 1486.0
33 15 1976.0
33 16 1264.0
33 17 3062.0
33 18 1089.0
33 19 2325.0
33 20 743.0
33 21 3579.0
33 22 2569.0
33 23 2458.0
33 24 1416.0
33 25 2296.0
33 26 775.0
33 27 1152.0
33 28 1461.0
33 29 890.0
33 30 1699.0
33 31 810.0
33 32 1715.0
33 34 1709.0
33 35 912.0
33 36 1815.0
33 37 1857.0
33 38 810.0
33 39 3196.0
33 40 358.0
33 41 1145.0
33 42 1322.0
33 43 694.0
33 44 890.0
33 45 1102.0
33 46 2697.0
33 47 3516.0
33 48 1544.0
33 49 1620.0
33 50 402.0
33 51 2148.0
33 52 1418.0
34 1 1050.0
34 2 498.0
34 3 852.0
34 4 1848.0
34 5 825.0
34 6 878.0
34 7 1292.0
34 8 714.0
34 9 2411.0
34 10 884.0
34 11 1379.0
34 12 2105.0
34 13 2234.0
34 14 2173.0
34 15 690.0
34 16 1073.0
34 17 1375.0
34 18 1510.0
34 19 991.0
34 20 995.0
34 21 2920.0
34 22 1463.0
34 23 1445.0
34 24 461.0
34 25 948.0
34 26 1120.0
34 27 1878.0
34 28 413.0
34 29 1771.0
34 30 661.0
34 31 1157.0
34 32 1060.0
34 33 1709.0
34 35 972.0
34 36 979.0
34 37 1814.0
34 38 1381.0
34 39 1489.0
34 40 1492.0
34 41 2519.0
34 42 404.0
34 43 1045.0
34 44 895.0
34 45 615.0
34 46 988.0
34 47 3853.0
34 48 1879.0
34 49 358.0
34 50 1892.0
34 51 1033.0
34 52 458.0
35 1 132.0
35 2 1453.0
35 3 680.0
35 4 1414.0
35 5 1469.0
35 6 173.0
35 7 334.0
35 8 457.0
35 9 1463.0
35 10 928.0
35 11 1549.0
35 12 1928.0
35 13 2769.0
35 14 2009.0
35 15 1491.0
35 16 1203.0
35 17 2222.0
35 18 624.0
35 19 1849.0
35 20 563.0
35 21 3541.0
35 22 2237.0
35 23 2169.0
35 24 562.0
35 25 1810.0
35 26 159.0
35 27 1650.0
35 28 929.0
35 29 1431.0
35 30 1287.0
35 31 185.0
35 32 834.0
35 33 912.0
35 34 972.0
35 36 1541.0
35 37 2028.0
35 38 1097.0
35 39 2422.0
35 40 596.0
35 41 1983.0
35 42 577.0
35 43 280.0
35 44 657.0
35 45 552.0
35 46 1922.0
35 47 3983.0
35 48 1880.0
35 49 1058.0
35 50 1238.0
35 51 1775.0
35 52 564.0
36 1 1666.0
36 2 1125.0
36 3 936.0
36 4 1516.0
36 5 173.0
36 6 1374.0
36 7 1744.0
36 8 1086.0
36 9 2948.0
36 10 710.0
36 11 622.0
36 12 1458.0
36 13 1278.0
36 14 1502.0
36 15 431.0
36 16 578.0
36 17 1976.0
36 18 2165.0
36 19 613.0
36 20 1146.0
36 21 2016.0
36 22 755.0
36 23 654.0
36 24 1298.0
36 25 605.0
36 26 1624.0
36 27 1332.0
36 28 670.0
36 29 1367.0
36 30 319.0
36 31 1694.0
36 32 1982.0
36 33 1815.0
36 34 979.0
36 35 1541.0
36 37 913.0
36 38 1094.0
36 39 1863.0
36 40 1789.0
36 41 2149.0
36 42 1091.0
36 43 1417.0
36 44 986.0
36 45 990.0
36 46 1481.0
36 47 2907.0
36 48 1126.0
36 49 630.0
36 50 1781.0
36 51 357.0
36 52 1296.0
37 1 2159.0
37 2 2035.0
37 3 1351.0
37 4 1215.0
37 5 1085.0
37 6 1858.0
37 7 2096.0
37 8 1606.0
37 9 3198.0
37 10 1117.0
37 11 483.0
37 12 786.0
37 13 971.0
37 14 787.0
37 15 1343.0
37 16 838.0
37 17 2885.0
37 18 2606.0
37 19 1437.0
37 20 1482.0
37 21 1746.0
37 22 1266.0
37 23 1118.0
37 24 2008.0
37 25 1447.0
37 26 2044.0
37 27 843.0
37 28 1423.0
37 29 1045.0
37 30 1183.0
37 31 2122.0
37 32 2684.0
37 33 1857.0
37 34 1814.0
37 35 2028.0
37 36 913.0
37 38 1063.0
37 39 2739.0
37 40 2005.0
37 41 1644.0
37 42 1780.0
37 43 1801.0
37 44 1371.0
37 45 1561.0
37 46 2388.0
37 47 2044.0
37 48 416.0
37 49 1458.0
37 50 1627.0
37 51 1154.0
37 52 2007.0
38 1 1216.0
38 2 1814.0
38 3 556.0
38 4 476.0
38 5 1160.0
38 6 953.0
38 7 1074.0
38 8 802.0
38 9 2135.0
38 10 517.0
38 11 672.0
38 12 835.0
38 13 1976.0
38 14 916.0
38 15 1367.0
38 16 517.0
38 17 2734.0
38 18 1599.0
38 19 1675.0
38 20 545.0
38 21 2770.0
38 22 1827.0
38 23 1703.0
38 24 1317.0
38 25 1655.0
38 26 1063.0
38 27 562.0
38 28 1000.0
38 29 393.0
38 30 1081.0
38 31 1138.0
38 32 1887.0
38 33 810.0
38 34 1381.0
38 35 1097.0
38 36 1094.0
38 37 1063.0
38 39 2759.0
38 40 945.0
38 41 1151.0
38 42 1118.0
38 43 827.0
38 44 532.0
38 45 834.0
38 46 2290.0
38 47 2899.0
38 48 811.0
38 49 1138.0
38 50 689.0
38 51 1449.0
38 52 1317.0
39 1 2471.0
39 2 992.0
39 3 2298.0
39 4 3234.0
39 5 1713.0
39 6 2355.0
39 7 2754.0
39 8 2201.0
39 9 3765.0
39 10 2243.0
39 11 2478.0
39 12 3312.0
39 13 2595.0
39 14 3361.0
39 15 1452.0
39 16 2313.0
39 17 440.0
39 18 2851.0
39 19 1304.0
39 20 2470.0
39 21 2950.0
39 22 1640.0
39 23 1752.0
39 24 1861.0
39 25 1292.0
39 26 2578.0
39 27 3152.0
39 28 1777.0
39 29 3120.0
39 30 1711.0
39 31 2602.0
39 32 2109.0
39 33 3196.0
39 34 1489.0
39 35 2422.0
39 36 1863.0
39 37 2739.0
39 38 2759.0
39 40 2976.0
39 41 3907.0
39 42 1887.0
39 43 2532.0
39 44 2349.0
39 45 2096.0
39 46 502.0
39 47 4538.0
39 48 2989.0
39 49 1628.0
39 50 3352.0
39 51 1586.0
39 52 1859.0
40 1 618.0
40 2 1989.0
40 3 857.0
40 4 1059.0
40 5 1772.0
40 6 622.0
40 7 296.0
40 8 809.0
40 9 1201.0
40 10 1082.0
40 11 1576.0
40 12 1672.0
40 13 2880.0
40 14 1752.0
40 15 1871.0
40 16 1295.0
40 17 2804.0
40 18 745.0
40 19 2231.0
40 20 644.0
40 21 3675.0
40 22 2538.0
40 23 2443.0
40 24 1140.0
40 25 2198.0
40 26 444.0
40 27 1400.0
40 28 1319.0
40 29 1143.0
40 30 1615.0
40 31 466.0
40 32 1366.0
40 33 358.0
40 34 1492.0
40 35 596.0
40 36 1789.0
40 37 2005.0
40 38 945.0
40 39 2976.0
40 41 1499.0
40 42 1090.0
40 43 448.0
40 44 805.0
40 45 925.0
40 46 2474.0
40 47 3786.0
40 48 1744.0
40 49 1473.0
40 50 747.0
40 51 2093.0
40 52 1142.0
41 1 2059.0
41 2 2964.0
41 3 1670.0
41 4 675.0
41 5 2254.0
41 6 1902.0
41 7 1777.0
41 8 1868.0
41 9 2312.0
41 10 1668.0
41 11 1561.0
41 12 868.0
41 13 2588.0
41 14 893.0
41 15 2488.0
41 16 1609.0
41 17 3883.0
41 18 2232.0
41 19 2759.0
41 20 1569.0
41 21 3307.0
41 22 2796.0
41 23 2653.0
41 24 2378.0
41 25 2747.0
41 26 1873.0
41 27 842.0
41 28 2150.0
41 29 791.0
41 30 2208.0
41 31 1924.0
41 32 2815.0
41 33 1145.0
41 34 2519.0
41 35 1983.0
41 36 2149.0
41 37 1644.0
41 38 1151.0
41 39 3907.0
41 40 1499.0
41 42 2212.0
41 43 1714.0
41 44 1631.0
41 45 1933.0
41 46 3441.0
41 47 2635.0
41 48 1228.0
41 49 2289.0
41 50 756.0
41 51 2501.0
41 52 2379.0
42 1 669.0
42 2 899.0
42 3 563.0
42 4 1559.0
42 5 980.0
42 6 474.0
42 7 890.0
42 8 347.0
42 9 2034.0
42 10 700.0
42 11 1306.0
42 12 1914.0
42 13 2366.0
42 14 1989.0
42 15 947.0
42 16 957.0
42 17 1741.0
42 18 1154.0
42 19 1295.0
42 20 647.0
42 21 3104.0
42 22 1718.0
42 23 1669.0
42 24 228.0
42 25 1254.0
42 26 719.0
42 27 1661.0
42 28 423.0
42 29 1510.0
42 30 793.0
42 31 762.0
42 32 911.0
42 33 1322.0
42 34 404.0
42 35 577.0
42 36 1091.0
42 37 1780.0
42 38 1118.0
42 39 1887.0
42 40 1090.0
42 41 2212.0
42 43 645.0
42 44 590.0
42 45 285.0
42 46 1385.0
42 47 3815.0
42 48 1754.0
42 49 514.0
42 50 1540.0
42 51 1260.0
42 52 227.0
43 1 390.0
43 2 1542.0
43 3 492.0
43 4 1134.0
43 5 1375.0
43 6 198.0
43 7 327.0
43 8 369.0
43 9 1531.0
43 10 743.0
43 11 1332.0
43 12 1654.0
43 13 2594.0
43 14 1735.0
43 15 1447.0
43 16 1002.0
43 17 2374.0
43 18 805.0
43 19 1809.0
43 20 320.0
43 21 3379.0
43 22 2149.0
43 23 2066.0
43 24 722.0
43 25 1773.0
43 26 243.0
43 27 1375.0
43 28 885.0
43 29 1152.0
43 30 1206.0
43 31 321.0
43 32 1111.0
43 33 694.0
43 34 1045.0
43 35 280.0
43 36 1417.0
43 37 1801.0
43 38 827.0
43 39 2532.0
43 40 448.0
43 41 1714.0
43 42 645.0
43 44 453.0
43 45 485.0
43 46 2029.0
43 47 3723.0
43 48 1624.0
43 49 1035.0
43 50 980.0
43 51 1693.0
43 52 724.0
44 1 788.0
44 2 1368.0
44 3 55.0
44 4 970.0
44 5 968.0
44 6 488.0
44 7 776.0
44 8 274.0
44 9 1969.0
44 10 291.0
44 11 893.0
44 12 1350.0
44 13 2141.0
44 14 1429.0
44 15 1089.0
44 16 552.0
44 17 2270.0
44 18 1251.0
44 19 1443.0
44 20 161.0
44 21 2926.0
44 22 1733.0
44 23 1639.0
44 24 785.0
44 25 1412.0
44 26 687.0
44 27 1086.0
44 28 579.0
44 29 921.0
44 30 819.0
44 31 763.0
44 32 1379.0
44 33 890.0
44 34 895.0
44 35 657.0
44 36 986.0
44 37 1371.0
44 38 532.0
44 39 2349.0
44 40 805.0
44 41 1631.0
44 42 590.0
44 43 453.0
44 45 305.0
44 46 1858.0
44 47 3345.0
44 48 1245.0
44 49 737.0
44 50 1004.0
44 51 1289.0
44 52 785.0
45 1 676.0
45 2 1105.0
45 3 278.0
45 4 1275.0
45 5 919.0
45 6 389.0
45 7 793.0
45 8 117.0
45 9 1992.0
45 10 449.0
45 11 1080.0
45 12 1637.0
45 13 2233.0
45 14 1713.0
45 15 965.0
45 16 724.0
45 17 1988.0
45 18 1175.0
45 19 1327.0
45 20 381.0
45 21 2997.0
45 22 1690.0
45 23 1619.0
45 24 490.0
45 25 1290.0
45 26 649.0
45 27 1380.0
45 28 400.0
45 29 1225.0
45 30 740.0
45 31 713.0
45 32 1129.0
45 33 1102.0
45 34 615.0
45 35 552.0
45 36 990.0
45 37 1561.0
45 38 834.0
45 39 2096.0
45 40 925.0
45 41 1933.0
45 42 285.0
45 43 485.0
45 44 305.0
45 46 1598.0
45 47 3578.0
45 48 1496.0
45 49 550.0
45 50 1280.0
45 51 1230.0
45 52 490.0
46 1 1975.0
46 2 493.0
46 3 1809.0
46 4 2766.0
46 5 1316.0
46 6 1853.0
46 7 2253.0
46 8 1701.0
46 9 3285.0
46 10 1773.0
46 11 2073.0
46 12 2894.0
46 13 2410.0
46 14 2949.0
46 15 1052.0
46 16 1869.0
46 17 497.0
46 18 2369.0
46 19 1010.0
46 20 1974.0
46 21 2890.0
46 22 1449.0
46 23 1528.0
46 24 1363.0
46 25 984.0
46 26 2078.0
46 27 2713.0
46 28 1296.0
46 29 2662.0
46 30 1279.0
46 31 2103.0
46 32 1666.0
46 33 2697.0
46 34 988.0
46 35 1922.0
46 36 1481.0
46 37 2388.0
46 38 2290.0
46 39 502.0
46 40 2474.0
46 41 3441.0
46 42 1385.0
46 43 2029.0
46 44 1858.0
46 45 1598.0
46 47 4295.0
46 48 2593.0
46 49 1152.0
46 50 2863.0
46 51 1264.0
46 52 1360.0
47 1 4107.0
47 2 4021.0
47 3 3338.0
47 4 2745.0
47 5 3079.0
47 6 3825.0
47 7 3965.0
47 8 3605.0
47 9 4862.0
47 10 3129.0
47 11 2510.0
47 12 2115.0
47 13 1961.0
47 14 2035.0
47 15 3313.0
47 16 2860.0
47 17 4784.0
47 18 4491.0
47 19 3286.0
47 20 3420.0
47 21 1993.0
47 22 2899.0
47 23 2789.0
47 24 4043.0
47 25 3311.0
47 26 3962.0
47 27 2387.0
47 28 3467.0
47 29 2644.0
47 30 3206.0
47 31 4037.0
47 32 4707.0
47 33 3516.0
47 34 3853.0
47 35 3983.0
47 36 2907.0
47 37 2044.0
47 38 2899.0
47 39 4538.0
47 40 3786.0
47 41 2635.0
47 42 3815.0
47 43 3723.0
47 44 3345.0
47 45 3578.0
47 46 4295.0
47 48 2103.0
47 49 3495.0
47 50 3148.0
47 51 3038.0
47 52 4042.0
48 1 2006.0
48 2 2188.0
48 3 1242.0
48 4 837.0
48 5 1280.0
48 6 1722.0
48 7 1885.0
48 8 1510.0
48 9 2909.0
48 10 1054.0
48 11 522.0
48 12 379.0
48 13 1376.0
48 14 396.0
48 15 1544.0
48 16 811.0
48 17 3082.0
48 18 2409.0
48 19 1715.0
48 20 1317.0
48 21 2133.0
48 22 1629.0
48 23 1482.0
48 24 1978.0
48 25 1716.0
48 26 1865.0
48 27 443.0
48 28 1467.0
48 29 676.0
48 30 1324.0
48 31 1942.0
48 32 2619.0
48 33 1544.0
48 34 1879.0
48 35 1880.0
48 36 1126.0
48 37 416.0
48 38 811.0
48 39 2989.0
48 40 1744.0
48 41 1228.0
48 42 1754.0
48 43 1624.0
48 44 1245.0
48 45 1496.0
48 46 2593.0
48 47 2103.0
48 49 1544.0
48 50 1265.0
48 51 1433.0
48 52 1977.0
49 1 1167.0
49 2 680.0
49 3 683.0
49 4 1614.0
49 5 489.0
49 6 918.0
49 7 1335.0
49 8 666.0
49 9 2520.0
49 10 621.0
49 11 1033.0
49 12 1794.0
49 13 1901.0
49 14 1858.0
49 15 435.0
49 16 753.0
49 17 1602.0
49 18 1661.0
49 19 791.0
49 20 877.0
49 21 2613.0
49 22 1204.0
49 23 1160.0
49 24 690.0
49 25 752.0
49 26 1181.0
49 27 1586.0
49 28 158.0
49 29 1513.0
49 30 312.0
49 31 1236.0
49 32 1361.0
49 33 1620.0
49 34 358.0
49 35 1058.0
49 36 630.0
49 37 1458.0
49 38 1138.0
49 39 1628.0
49 40 1473.0
49 41 2289.0
49 42 514.0
49 43 1035.0
49 44 737.0
49 45 550.0
49 46 1152.0
49 47 3495.0
49 48 1544.0
49 50 1730.0
49 51 748.0
49 52 688.0
50 1 1307.0
50 2 2371.0
50 3 1054.0
50 4 433.0
50 5 1836.0
50 6 1174.0
50 7 1022.0
50 8 1194.0
50 9 1715.0
50 10 1143.0
50 11 1328.0
50 12 1065.0
50 13 2589.0
50 14 1136.0
50 15 2024.0
50 16 1204.0
50 17 3267.0
50 18 1488.0
50 19 2349.0
50 20 899.0
50 21 3372.0
50 22 2516.0
50 23 2390.0
50 24 1677.0
50 25 2326.0
50 26 1121.0
50 27 836.0
50 28 1576.0
50 29 589.0
50 30 1737.0
50 31 1170.0
50 32 2066.0
50 33 402.0
50 34 1892.0
50 35 1238.0
50 36 1781.0
50 37 1627.0
50 38 689.0
50 39 3352.0
50 40 747.0
50 41 756.0
50 42 1540.0
50 43 980.0
50 44 1004.0
50 45 1280.0
50 46 2863.0
50 47 3148.0
50 48 1265.0
50 49 1730.0
50 51 2134.0
50 52 1679.0
51 1 1893.0
51 2 1009.0
51 3 1236.0
51 4 1873.0
51 5 321.0
51 6 1619.0
51 7 2015.0
51 8 1339.0
51 9 3219.0
51 10 1033.0
51 11 956.0
51 12 1784.0
51 13 1235.0
51 14 1821.0
51 15 345.0
51 16 932.0
51 17 1759.0
51 18 2392.0
51 19 285.0
51 20 1450.0
51 21 1888.0
51 22 462.0
51 23 414.0
51 24 1435.0
51 25 293.0
51 26 1879.0
51 27 1677.0
51 28 851.0
51 29 1723.0
51 30 490.0
51 31 1943.0
51 32 2089.0
51 33 2148.0
51 34 1033.0
51 35 1775.0
51 36 357.0
51 37 1154.0
51 38 1449.0
51 39 1586.0
51 40 2093.0
51 41 2501.0
51 42 1260.0
51 43 1693.0
51 44 1289.0
51 45 1230.0
51 46 1264.0
51 47 3038.0
51 48 1433.0
51 49 748.0
51 50 2134.0
51 52 1432.0
52 1 616.0
52 2 902.0
52 3 766.0
52 4 1740.0
52 5 1172.0
52 6 528.0
52 7 898.0
52 8 519.0
52 9 1962.0
52 10 923.0
52 11 1533.0
52 12 2127.0
52 13 2574.0
52 14 2203.0
52 15 1103.0
52 16 1183.0
52 17 1662.0
52 18 1054.0
52 19 1432.0
52 20 811.0
52 21 3299.0
52 22 1882.0
52 23 1846.0
52 24 3.0
52 25 1390.0
52 26 722.0
52 27 1869.0
52 28 627.0
52 29 1704.0
52 30 987.0
52 31 743.0
52 32 691.0
52 33 1418.0
52 34 458.0
52 35 564.0
52 36 1296.0
52 37 2007.0
52 38 1317.0
52 39 1859.0
52 40 1142.0
52 41 2379.0
52 42 227.0
52 43 724.0
52 44 785.0
52 45 490.0
52 46 1360.0
52 47 4042.0
52 48 1977.0
52 49 688.0
52 50 1679.0
52 51 1432.0
;

end;
